Pb,Ba,Sb,Zn,Ti,Ca,Si,Sn,Cu,Al
19.089134011472108,34.88725853745601,23.921957328121625,1.1848399318099883,1.1574103504160864,5.1633008914936385,7.2176738974197905,1.2743640725267769,3.255904082308783,2.848156896975193
36.2742109583042,34.15289723220941,0.3781359755516135,0.8865759134130973,1.7235360901422505,11.11742716175942,6.747370696804306,3.1480404581398567,3.783309415742769,1.7884960979330515
35.525011499128176,28.931175510074127,19.22500705722735,1.1797445408511789,0.46626841796534324,0.8937872925790196,3.861856192454511,3.610188629398755,3.152249225846429,3.1547116344751074
43.77066165708147,23.447423178623783,8.14088108309565,0.8804993996687468,0.5267221274322611,3.5305859323090356,10.04091660488554,3.780934805277759,3.271966094244818,2.609409117380933
32.17538262466956,35.23069215893281,13.618534991742957,1.8763695712592305,1.4189574076119618,2.152912808944146,7.067738961058508,1.2273873930443617,3.5444517039945596,1.6875723787419104
39.886037538980354,17.344473036338876,20.132343663067076,2.7484703078101407,0.13133637952507182,4.764358618860041,4.813162603169973,2.170347808368443,4.31257462036773,3.6968954235122897
32.25570018616632,37.11915775260902,8.245509105587157,1.3067724600590394,1.567545146038839,6.435128425883613,6.148636565089777,1.4328100574165308,2.3903330797652123,3.0984072213844964
35.02990170538402,28.47950924803823,14.474371263425232,1.290348733243392,0.7023761792727659,3.5172694593514486,7.557232303506871,2.824473591972818,2.2396459878807393,3.8848715279244854
36.11624232097482,22.006718125458928,9.602210127731965,2.0940647653213698,1.7563542244723673,8.348159038014638,12.738986044487485,1.5529200240560153,1.428784367035989,4.355560962446417
33.734962136880334,33.87324302440048,6.8955620625294225,2.0003584063938327,1.2951777698805345,7.9490348124649435,6.856215216274928,1.9972395031341839,2.8024721048511134,2.595734963190224
29.10806848058225,30.610684247695858,17.06062367755048,1.6682170691340072,1.4010450871507603,7.917656135519067,5.523003092704478,2.6497795179902086,2.5250930332242927,1.5358296584486166
38.979317413004814,20.73854564988332,18.90555643811715,4.441127459119329,0.9907900884408621,0.5950205696442685,6.541866728451579,3.4338966512403326,2.326381550468638,3.0474974516297015
31.15210877347473,29.37233626383719,16.545729476580693,1.1403552192754198,1.1805072552712477,7.431848919440473,5.396444579911754,2.1015217673831685,2.93626722178779,2.7428805230375333
23.4926501835311,23.610541520165242,26.917418584999396,2.3201495227369966,1.2426932812213454,4.409854220974499,10.906848364242098,2.2277606142966073,2.3475454437234586,2.5245382641092515
38.41040429697589,25.229117803675738,3.2969035042554355,3.9259185794344162,1.3694140755711108,6.9144461658755665,9.183098829604424,2.9674814792773936,4.405720497768395,4.297494767561636
36.76122886053023,32.56455873327146,2.5580285354794263,0.214720119572061,1.2809860224380683,12.495528598548852,5.183734697842385,2.3415225392418266,4.251428811923185,2.3482630811525054
30.15435978167479,20.1705424299276,9.03768060575142,6.826366009145223,2.601711303608898,7.984142332724317,11.668661605437897,0.9592453786529151,4.844540761045806,5.7527497920311355
37.32214184372941,33.08487283042925,5.68922124626611,4.901416254849845,0.8967139058632374,5.120368168776065,6.854144298404384,1.0819522451622068,3.5977379159050598,1.4514312906144233
45.005007447779434,21.351553855669,7.2076897678968495,3.2125366006926073,1.1346051322802526,6.66275001557977,7.654468633056477,1.942407380244197,2.8904625873945315,2.9385185794068778
45.624887895015476,20.329747722018936,10.670026510043138,3.1128659877423424,0.5246509978899934,2.736403963496575,6.20805753281048,2.695091298256039,4.142249239939298,3.956018852787718
24.534449343248134,30.775970213961834,10.801229869838764,2.506393181354433,2.4213353072737536,9.462881940723413,9.099208331500524,1.811627915661918,5.566814386137571,3.0200895102996372
28.139869436558385,29.5053321916675,13.92575959536134,0.4844628753804314,0.8313974440207558,14.075804217134284,5.262434601153089,1.130718358043339,3.5257555100165225,3.1184657706643732
25.865023119094342,17.16935644520371,27.393402633497267,2.414213960795817,0.15232992707470727,5.56009059030982,9.27536996689967,3.557062352667529,4.573000375821842,4.040150628635289
29.760543413733647,29.50434931781655,19.471973251867364,4.471158269694686,0.4871640587041091,0.42670809670588206,9.634134814660737,0.3909596276626394,2.6796886768366854,3.1733204723177075
33.66073729830481,31.449278061027236,4.288232029456378,1.516807761773415,1.9818901532387454,8.455651353374552,8.751824073249944,2.4320770140306958,3.696090073212927,3.767412182331319
20.087366695530978,28.391351691812698,23.834360345265328,1.1767428613516142,0.3309074174339648,7.235040517764417,10.407721278306372,3.269044038713996,3.3978596431043275,1.869605510716309
33.037567846613555,32.14040944440587,12.955518682135509,3.4183298226907506,1.2845587100299678,6.065271778635462,4.865809233233741,1.2875693148732519,2.2026251658417055,2.74234000154017
19.893824664901977,27.19348635204702,24.31448498934248,0.9136976779825859,0.8017836149922611,6.255368964045907,11.28034802223851,3.247294212010668,3.144705687730033,2.9550058147085414
47.3488059905702,16.333171763363477,6.5140115287777345,2.898538280792217,1.4769647034787137,6.885499697843279,7.329666032418955,3.9142989767444964,3.4510759668121964,3.847967059198729
58.917296356249096,7.1907651277005975,0.8074034818686894,2.2039211649913657,1.675891974335757,5.739374184817919,10.437648007885993,2.330256430222666,6.0283982122819975,4.669045059645927
26.803604726518437,25.5619401606113,20.347822941578293,2.1962224504017978,1.0129952330246104,7.234143677032494,7.565356909974222,2.447062871605588,3.2366145244093016,3.5942365048439435
45.77322016519268,9.299274325925921,17.250294772600057,3.306792330564156,0.7998841144929313,2.8109224091035467,10.436989095818687,3.635269457720351,3.7388482664013547,2.9485050621803284
44.96879273219746,28.34299164738291,4.82942941331076,2.1967442915231596,0.14392383297976064,4.90012154378888,5.842363538888479,1.908632371484528,4.78315659455725,2.0838440338868134
35.037999826352795,31.19914759921223,4.838413457899993,1.809643500548947,0.6292825575915647,7.978061503292208,12.024332516958303,1.5717200055228593,1.836042031076854,3.0753570015442424
40.965603969090886,29.409115465313658,7.837822939013285,0.832029211608318,1.2523722912646769,5.495326871004051,6.5285352358910105,1.4195257148354739,3.0526647338115023,3.207003568167151
31.114322341802115,33.672851946960385,0.0,4.3406548756545735,1.837296186341628,6.547926085403444,8.358935512123237,5.795823400951127,4.582611821224979,3.749577829538517
41.530565379114954,27.437098515472147,3.469575812979764,2.113021309422673,1.1509907520209635,6.410338852965486,7.509404584093918,2.3887650407896057,4.501248389387152,3.4889913637533376
36.126807093082164,27.591446677080157,7.495485783883183,2.4822734401237745,1.5169401470421233,8.549592078357534,4.8237494414114845,2.2764616847586723,6.920163477733947,2.217080176526956
30.463273300354103,26.32351417996082,19.66515657442477,1.0026571575873435,1.2386032539753902,6.297715109761781,5.438229203134375,2.180222478249532,4.080314857535037,3.3103138850168357
39.89004469883293,14.148814996252737,17.86662071582976,4.489543494717439,0.9851775093297458,0.0,14.753211614391134,0.44623582130800654,3.2084365623248656,4.2119145870133865
30.450585874902224,30.304916346052796,22.131026219595267,2.2475505030974787,0.8571176174618811,1.7409433417039168,2.7982781209590613,2.4436479947881584,3.669540323787713,3.3563936576515054
41.91984458573548,13.990101283314042,24.00732971731177,1.8950142922314201,0.8021921758986946,7.889468952235647,2.0435934946889227,2.938068564087491,2.0925775866300174,2.421809347866535
43.59107675886305,31.41705543779965,10.166700887975995,1.7218259968938203,1.6072398010616675,2.9919255955769644,2.945089004117935,2.2823903779797954,3.05435910204129,0.2223370376898396
34.146552069154495,35.158075112988875,9.056630571124332,1.6351225820108302,1.1050862796422833,3.115387004606515,8.426101170590231,2.251611083011482,2.418325363469294,2.687108763401665
38.19861954391524,30.85260663251756,8.631226759465653,2.497474269457978,1.347173853501213,6.004406018341215,4.905397679548413,3.2695864032668074,2.4891727670258232,1.8043360729600881
40.57306486284999,26.366409751867675,7.339182659898583,2.9722851640742394,0.2056442345720349,9.067964942095802,6.0216169172436524,2.8218047915556435,2.4285813949901,2.203445280852287
30.94070908627713,35.35338677234148,12.079612463211577,1.4283492539023137,1.1436597022813761,6.614571763606586,5.993127110555678,0.03536352752881515,2.798582542775581,3.6126377775194762
40.00447728742071,16.45164000406283,25.89018259069697,1.0066576989648468,0.6642302976092462,5.47167797867436,4.035080676812488,2.1904677928864267,2.9610540148121878,1.324531658059924
35.07799933378252,35.31350499315911,1.8211137346149167,3.405107496030986,2.2473052046606172,6.663549399206649,5.644867662448647,2.5668871790879324,3.7545183640426987,3.505146632965936
12.262101961137823,50.74794664179096,8.499524714190027,2.7889045873309355,1.0502108628626405,8.534669178155475,11.909098202395043,1.3447197210666857,1.333143812550359,1.5296803185200523
27.932484432419447,25.713202280785758,22.376269234808237,3.6497400655212244,1.2119054096089625,5.400458740951915,5.9942620917709775,2.839388517897361,1.8739783396182128,3.0083108866178954
27.766116809516422,31.337841013107393,15.837801746710156,0.0,0.078315347311349,10.027571686822565,4.994176887534618,1.9774855878258883,5.294015996689401,2.6866749244821917
46.84043388716139,24.790595298875875,6.289462849692025,1.1157519379152168,0.5890285236069119,5.392791470898059,5.259413478013997,1.4773017252180187,4.4058932394036665,3.839327589214878
43.9763635484405,25.11918514516348,7.31683828733094,1.2766697648471468,1.0611086131344512,1.238202831625167,11.492802113093466,1.7695466681662706,2.417951202383887,4.331331825814688
41.29120744280976,29.323432609729522,0.8354978442245664,4.741412969589666,1.4070680862033569,8.69406950185785,2.884594064001618,3.3460890623537085,3.732646622822296,3.743981796407657
34.10640983890148,29.62457798411079,15.768770203802474,2.188001262342177,0.8486118110238007,6.457194533910295,0.693845313521695,3.489665704615768,4.7448934898190505,2.0780298579524517
31.158981215538656,27.629436771991788,8.428209192819903,3.9702975403635667,2.779286779396922,8.310680379870904,3.005542798887766,4.489196770221127,4.765848923847914,5.4625196270614556
32.7083545302519,34.70995906275599,7.014326870270233,1.9625030092480382,1.2106729806359162,8.619713470777105,7.224635110356268,0.8601873719106342,3.9115362829072264,1.7781113108866802
37.83865373384117,22.669120078701464,15.79835710144951,1.5083358170379029,0.627330460467865,2.9829526867203286,7.790755830230232,3.2369654397252248,4.9110681202024065,2.636460731623885
25.477060828170515,19.666316589312665,22.931518453125346,5.749836425834905,1.3098736538038391,5.00719213177904,9.949803349120318,2.657033767051992,2.3729655065874673,4.878399295213905
24.5236948947901,27.404149049413167,20.32489989704003,1.1964323435221378,1.1868063350665818,8.824487750337195,7.735970547319604,1.8397069058274307,3.454440386533274,3.509411890150474
39.2400720720052,30.367785704087513,12.04697386034021,3.05110072665618,0.3018808569436198,1.901262716442042,5.718039795238725,2.106712351884851,2.0408432789397373,3.225328637461917
35.98169997752084,23.37069082803551,22.95373611912874,2.415778942236847,0.8041820161269164,3.4018861857384834,3.5963910800522068,2.5867485764962406,2.154495232935476,2.73439104172874
34.24479503609463,32.20673649711535,0.0,3.622984573747376,1.6658531457434738,10.230059430053913,6.975364431598724,3.149660534308262,3.043974324635527,4.860572026702734
29.757924901489762,35.557033785692155,8.47876303757713,1.4999882389592716,1.3329018583835615,6.332100853434946,6.828617662945905,1.8849395118998535,3.1605571244038413,5.167173025213571
37.915672560500745,23.366461760846978,20.658325618594954,1.381205644556542,0.7514694168732384,4.890055681568865,4.559587671391953,1.0622698100810979,2.4355268227774016,2.979425012808203
28.979481147739534,32.22558792468679,16.475566487832854,0.34907418493981396,0.870045696007642,7.23305782448092,5.95601619326876,2.8560681312915728,1.7584904721161947,3.2966119376359306
30.850943077979032,24.569152154144312,11.083059461698475,4.703870125278283,0.629039243961607,9.763466634462118,11.06167953397902,2.2580040237054884,1.4760929586970997,3.604692786094567
33.80070908722432,28.349079442203575,14.777144492684819,2.187488455970068,0.012042805842653052,4.875362782087934,8.576650110734677,2.689516292904539,2.7584819644395964,1.9735245659078244
34.721106110017615,15.36763882386874,16.807328621555712,1.9319060181278627,1.0087586140621596,9.438828312109205,10.832759076220462,1.6670008089422401,3.6976190809802643,4.527054534115748
29.878412657137083,26.620471480365893,11.423598541976899,1.6329018656987226,1.5631227936903465,9.458955557661334,9.315389317277214,2.479587924701886,3.0895353861460446,4.538024475344568
27.412179996900527,24.679209752453946,4.0234762935769,1.171333748700292,1.3402529894811888,12.818007329071445,15.568578959598076,2.4666011664512846,4.200793282508004,6.319566481258319
44.90821139312666,27.767860352681144,3.2319026942338813,2.752142743342713,0.0,9.965256803208268,7.520080380321257,1.023202768329625,0.1369164079003472,2.694426456856096
32.57218057977944,24.07805352104396,12.291945777966989,2.3918639776930952,0.8883771573966507,11.50532808617482,6.32955798978211,2.8021915861413342,3.6530716910779018,3.4874296329436936
34.845376722046055,14.5476336364638,20.74319163132051,3.856302627320628,0.9478171551489337,4.368979515527501,9.333751336065212,5.246797971148829,2.288105413856455,3.822043991102068
40.66158784617086,33.747195488862225,0.656072151921928,2.7710727572758143,1.5543119781124761,7.053706019769589,6.472705348914562,1.4178247057027138,3.953432351599062,1.7120913516707703
40.88602735379455,34.69045136124797,1.2031088219630475,0.5695517017615386,0.6007986163465894,4.812385864686427,9.720273528584636,2.63471881881504,2.223040267101547,2.6596436656986744
45.56516505368718,17.284094468053276,1.5961731167632691,5.345344711186477,2.1516906024852513,7.5278371282818295,14.7838252873146,0.0,2.922619366666113,2.823250265562001
32.69553105498817,36.09645362799904,0.0,1.7686129318506292,1.2706712114365528,5.294579712900205,9.120537166796545,5.920063252861881,3.5906027355403394,4.2429483056266575
38.9353541026954,29.072678087898456,6.408830431034765,1.2187369180535708,1.2614266014235487,3.0869384941141584,10.37904464657435,3.283501631493463,5.350475628186489,1.0030134585257957
33.35288338291443,35.159680898430295,13.82055275439042,2.026247515765193,0.8194828096774551,0.0,7.355613243252329,2.3595387598498987,2.620123374890052,2.485877260829925
33.5899628001231,24.91204351079207,13.198651539227251,2.755699478344294,1.8753581892089457,8.972683741595795,7.4337995558817145,3.3252397342755438,1.5416830612614147,2.3948783892898575
43.915840333007,30.83591752952349,0.0,1.2838971143042075,1.1091652138618346,8.556304812030227,4.899796095195771,3.2597095626350296,3.7543842161264087,2.384985123316019
30.877636290575204,34.79327418346559,11.588105339790364,3.3016766820244694,0.42848011390152335,7.899472432225665,5.37441832740344,1.7005360432180192,1.1709792761593993,2.8654213112363203
45.93845865733692,32.536564028946465,3.3115415547067943,1.882144585094815,0.6951811443079675,3.259226696897833,5.6450900337057766,2.113185697684664,3.0179454036233353,1.6006621976954227
32.630890218479564,34.32427055409048,4.598772932024141,1.6740993959407586,1.012372888198294,10.747477805922232,6.578429243891024,1.9868873714204458,2.7164947624267453,3.7303048276063184
37.24853821191494,21.287660722163736,17.38781880003598,2.462089511076914,0.3144282285180998,6.470865182798939,4.898543885131054,1.5160633908681618,2.9926580322319505,5.421334035260225
31.774977910823658,31.37565872726111,5.234604893477606,2.251126794838445,1.3037610032537355,15.667583096584146,7.311297556653368,0.6466930032949169,1.5483578065898238,2.8859392072232115
32.6207616745457,27.878884666985332,17.862997847560198,3.256398531872804,0.5382280132089652,3.122973413503297,6.921104163021186,2.451079309898935,2.9850738720142926,2.362498507389289
26.224624215581322,42.31213488659918,5.721726841081826,2.5386708005464484,2.010122622955477,7.9269216359957175,6.741347925426429,0.7321345971242943,3.183565509261357,2.6087509654279586
24.60957934396163,22.63262785544136,25.04674501663181,3.396255212277688,1.4941629923942756,4.159911162830497,6.967048421910148,1.050391370429667,6.2374289177745394,4.405849706348389
40.71308201317269,0.0,29.51722641359199,1.172823170070224,1.623038864940719,9.981518656521452,6.258852617281082,4.211412671377223,4.019219129663345,2.502826463381286
48.514963743739024,8.445023054685914,15.977237906820907,2.415874380469213,0.73055179390925,4.69574526996555,10.709404036723793,3.2746723966035876,3.2484399912647612,1.9880874258180206
26.02463035092329,32.37056779627371,21.771705513736666,1.0741896239162814,0.5412619931057947,8.279816031563586,4.487115910883862,0.6430262455234738,1.5728362127189044,3.2348503213544517
23.21703064994015,35.192136101408856,4.7235341040615495,2.9362658797964745,2.05364038555376,11.980682636828012,9.654773538341873,0.5156065790457806,4.1375076088948495,5.588822516128688
28.352034028380714,16.46768422498555,29.788768323437825,1.6352851831434305,1.318746780347415,9.673658428282584,5.104211205847474,2.17979504428654,3.5498933472304524,1.9299234340580256
40.864382685333254,26.458632327711328,12.237653687393516,2.7202536374573816,1.6061781707221081,3.558508570120896,3.678317714168296,1.930591317479882,3.1708202664094634,3.7746616232038654
34.6062405222713,28.395768128630973,15.208911707005656,2.3625402787997407,0.5854167367055072,8.520318604970683,5.164182484921465,0.7546925048122638,1.4275346522279801,2.9743943796544383
29.77788365345257,27.990667024091593,16.409261097899044,2.3559866556461015,0.564054574826583,7.2518217563573355,7.996171304155754,2.5977538502834405,1.3359687020184812,3.7204313812690746
26.088324742463897,26.483129314845904,21.452224154801776,1.1384723704010036,1.4678035206556308,8.955305644949073,6.719207845112679,2.609612072888614,3.299945350880171,1.7859749830012368
31.409390111021178,33.42723347857068,6.3853314685300475,1.628101992265557,1.3062644369529002,4.073148598139413,8.649522623054306,2.275114669095813,3.026793007635898,7.819099614734208
24.34424744702427,37.35551221797578,15.878603951683395,2.144827630359009,1.2603623601934002,2.5406219231562286,10.033334084172274,1.3077228330778476,3.0542620396329085,2.0805055127249226
19.579729334940744,28.083776086991207,18.462530325192958,1.4663749020474106,2.3220983463034703,8.094967963808026,13.209869693729065,1.204545274597252,4.485010242349447,3.09109783004042
32.07369595696029,26.726928893952813,12.055961757532318,2.160777371211693,0.07248160711525822,11.494825942587727,6.441003229520473,2.5427960950843373,4.292291907785088,2.1392372382499922
27.76957915357952,34.71276271007293,12.084716034737804,2.2603636720495994,0.652792087954965,3.573391045581751,5.828826032761243,4.194524954719549,3.423113148168227,5.4999311603744205
31.46398720311409,29.466885913772668,6.264875540860667,2.0479576934285917,1.2812726518391335,9.827202949608887,8.304764358473813,4.3128269029092205,2.530511921987796,4.49971486400513
25.9157644826436,26.853916711122274,14.361715996864072,1.4309192254620027,1.5577193389774469,6.543620817976461,12.559607608561848,2.372784790639525,5.434309281741283,2.9696417460114906
30.710144543297247,20.824806399212164,17.285586542060148,2.6072612825147954,2.050963650377947,10.212725661630975,4.4136187411563155,1.426939122826327,3.4570267058564044,7.010927351067668
26.925470968809528,25.544903325666557,19.765674348980554,2.0443484612350975,0.26520513348727665,9.54303671194648,9.10422627257946,1.2642357755726812,2.928164012110432,2.614734989611913
28.700754080879463,36.823736114211684,5.523280462735671,2.7215356016100483,1.0643717655407339,3.4812393340307066,9.934745966792766,2.85329445445562,4.652702263824593,4.24433995591871
38.53339265707306,36.30731060701699,0.0,3.1589424531303703,1.1000008295001715,4.044179408711714,6.156609565955847,4.442494100707213,3.6066916082155136,2.6503787696891337
39.7669611287269,27.145628070431698,9.308965568553427,0.31331584916186267,2.037198908487791,9.427776574311054,5.120662153031027,1.4556223695218462,1.9673556117003905,3.4565137660740013
52.04849278954181,19.469149213620888,10.185977637129657,2.4750944459482267,0.6817765710283341,2.3816539161917913,5.821340572327658,2.5311478280394892,1.0481115226378441,3.3572555035342915
30.96781082245531,24.23820469703017,24.429256280383875,0.7926216919540642,1.165470687566197,4.738469538107848,5.75708538500031,2.6294495768495385,3.1006790617993363,2.1809522588533454
29.569258269872396,27.869336509944304,12.599700484287357,2.646872744217685,0.8950960948550447,3.8310131196764305,12.081027658521307,2.348497609528546,2.6421084888029758,5.517089020293961
44.15952586074807,24.90698402686647,10.616939870935635,0.172544563823959,1.221267079125671,6.619429903704377,3.073269264171481,3.8804520188977696,2.9818523590968486,2.367735052629728
44.950752964502016,13.749121049812421,11.560657967948028,3.5892632518724743,0.12060120018321462,9.005777120431688,7.776871769080131,2.0686609668201417,2.865728034719236,4.312565674630638
31.119395474768787,31.954252286478948,8.308691004329436,2.9143994874912433,0.44773763227299185,9.03849264162836,5.381494100673343,4.0288305426989846,3.7336133392848505,3.073093490373071
43.09689629627127,28.012467326366377,0.7649570741555369,2.0945133672081333,1.1650747453223995,7.997705161885185,7.505660455152185,1.9595767369427597,2.169222824312272,5.2339260123838685
42.19795424016524,26.30337856529162,2.189061765660753,3.9047101655939818,1.6506477968326938,4.384456664566326,9.630672501885833,2.575891643078217,2.7751224369132244,4.388104220012117
28.077353954702954,34.78127831923652,9.684470264016195,3.3453819586936517,1.204336356179504,4.764497367056529,11.745518019498816,1.789548586489741,3.3785041020541557,1.229111072071924
42.84224098090059,18.531516747098294,14.228886682725111,3.133235467231858,0.412727422555755,4.571055664873202,10.275984260849121,0.7725960993961891,3.115069457735272,2.1166872166345834
47.28083550902316,26.822614566332586,0.0,1.8484182453744071,0.5680361989057443,8.892697957191643,7.7134650746206335,1.1665626713131423,2.598894246428097,3.108475530810605
38.98599828078283,16.763150167029927,10.92614995423007,1.863668122501078,0.9010040187055939,4.83234397393412,15.104176481988116,4.010080897569616,2.437231375119587,4.176196728139066
37.5852479642326,27.991621714130854,5.306221777821346,0.37904973774728024,1.7540850709165348,11.819453742719904,6.554555592872078,1.2036742921916637,4.175366429205483,3.230723678162261
33.29201079419801,16.92764764965396,19.563842478503243,3.0438579788737536,1.2621936456689566,10.143254894151326,3.5673238147282085,3.2277510939330236,4.07931080333387,4.892806846955641
29.30157578899932,35.51749062519994,16.37512595603023,1.4003458990242357,0.24798354062714598,5.327851320149417,3.6352666519520356,3.778959877583758,3.179111033488279,1.2362893069456298
31.12691202461338,32.40004346574204,12.098109127557883,3.6261349041686515,0.020574637613380426,5.258784074631302,6.949074301175981,2.8529709539633408,0.9774413163141208,4.689955194219894
24.733164431329975,31.221823055365704,14.353945798408205,2.3350350666925155,0.6217129317882413,9.436205094517604,7.082754887685216,2.223334790489197,4.06479203524123,3.927231908482124
35.85008506219482,23.763617939135447,8.336151295489554,2.0266748301347315,1.0384627204788446,6.164354458880029,10.585160773880538,3.111654737116523,6.059712551126619,3.0641256315629093
38.00724129075172,16.19116413018489,21.035412158569894,2.429999264636883,1.2444906136414104,5.277358825013059,4.642911976911777,3.034277386497596,4.2750890894866815,3.862055264306085
30.414766672173826,28.21520244381459,21.580424874443565,2.845024477015099,0.6742848426540161,7.417677088060158,3.0591429349582975,1.3261681254839202,2.940957075062674,1.526351466333848
22.88456626228196,34.37802094786011,15.574668412909624,2.5270213224957283,1.628345107331476,5.625939103618005,5.219201734594031,2.478916379745226,4.157601442317022,5.525719286846815
23.966185318294343,25.189435844732817,26.282555521154528,1.2533426420492124,1.189040788142324,10.250484149561528,5.674066873848459,1.5077062046277232,2.356377362492873,2.330805295096195
35.83676669239082,27.811298946551055,9.980961370553128,3.7490272945549923,1.5641415029547752,4.421043324610982,6.269776547785597,2.3871483802056903,2.6900590187699938,5.289776921622971
34.273757408565984,35.457620243584415,1.5810241065277775,2.366140522404446,0.6653308942237568,7.565561729591866,11.580536201866966,2.139864378350743,2.5521406397988002,1.8180238750852507
28.811599637575448,33.79491685527623,14.827340201238432,1.0995367926532305,2.225461356058331,4.673339903489898,5.642236210697293,1.2239823549415731,3.7949757133336726,3.90661097473589
35.801853202870156,27.452981030426,14.079451189738817,3.5418229643961707,0.561512784881395,4.481784717098295,5.800771296209923,2.4059354804287154,3.403446608280541,2.4704407256699747
36.4233484924287,14.273717754244371,23.28453229649277,2.356831398013599,1.0009911870439065,5.773852867721318,6.373186369759449,3.7097310046284124,3.3177424511473728,3.4860661785200726
38.966148177957145,27.024534852917505,5.4901651166352226,1.4156617128150004,1.0766734030070833,8.397577124135626,10.188734874156802,1.5347509503885797,3.106951464376925,2.7988023236101007
29.686811682551205,40.13996820043115,4.031932299161625,3.340258581480867,1.490307897639405,7.693667697917084,5.407535835074882,1.5117545768436702,3.946178491819932,2.7515847370801922
23.499929272826115,35.235701236605685,12.696844130937269,3.471891106048545,0.8279369159322824,8.679781242320674,8.870248314333079,2.897698486171802,1.7972743596306406,2.022694935193901
39.45879542703325,23.168867224098896,18.421016682961547,2.5100965815837704,0.48453911028162827,5.557214142968687,6.2093670578420905,1.6458270129338113,1.6496264031205305,0.8946503571758062
36.99518353213832,35.26442095190769,0.0,3.8084416535095333,0.6088419311515916,7.053012416315216,5.400107127103797,4.110152024954997,2.6390214972663415,4.120818865652511
43.42597595675008,28.049455685972763,0.9354128250262361,3.2683357845805237,0.3300829641129877,5.972526732533358,7.722645912946269,2.5359671439591054,6.073474580816182,1.6861224133025265
46.33785414468181,16.34411861117494,1.8111400228643941,1.7287166016326374,1.5981798886461518,8.115876602975682,8.94688795330564,4.097708546437123,6.829985972112783,4.189531656168835
21.12842513786838,27.08751147427052,31.360616395185254,0.5372047351989434,0.3416005971064218,8.336495397556543,5.465148824519907,0.7727570884902341,3.1833888956558822,1.7868514541479017
32.86351877662109,28.63252750372962,9.610937146893898,3.2959275678153177,2.0364484615553047,8.492120293766526,3.297792922699063,1.6371792969848513,5.80632683383929,4.327221196095047
34.36232700201959,27.844487975396486,12.574065598390636,1.3243382357444655,1.5674782766779483,9.569184548652068,5.993576742540325,3.1345352127316524,1.4247898653284712,2.205216542518349
44.64865020809124,23.54122683183764,5.576577597229963,1.8996329637242109,0.5150325967336046,9.197484135340984,6.898670314505965,0.7052463254402164,3.6529721959724917,3.364506831123684
40.15593170150073,15.932381323452782,20.16429357239606,2.2613374100963455,0.9737605463464071,6.057561986155624,11.385661797970018,0.21531070725326318,2.853760954828767,0.0
38.93926301640681,32.332980808459226,9.582496984087424,3.3076235473682827,1.414683520052577,2.352708342362479,5.187139493651375,0.6883546282230626,2.8940566480003875,3.3006930113883524
42.02926141323574,31.55637634006199,5.0751866642749475,0.792317497437137,2.0277461899243896,4.724707406823759,8.424031637804944,0.4566112194066996,1.8346706778912327,3.079090953139167
32.13719435014606,31.70321123324452,13.423896709527583,5.31426488712677,1.2244940165393694,6.275602820836869,3.876112482114945,0.4903907975168126,2.4246561402902116,3.130176562656849
25.959013724403906,42.60010749493281,5.5614346631090505,0.0,1.121797962347689,6.133600015098995,5.200150288400475,3.270055122671712,6.193562974292642,3.9602777547427332
40.56902812362566,23.560543652385437,11.47387640634542,1.945844403706624,1.1436164536172058,9.631607485436515,3.810586302770305,2.4724853169909387,1.4666021326020204,3.925809722519866
33.37709846866829,21.07345588954631,12.577531464818259,3.15820751836705,2.367185396188648,12.956849500470522,3.2660897764281334,3.6299638278438286,4.845605954275152,2.7480122033937993
31.283485210808653,30.695036155429285,6.349267660605901,3.2606868336336747,0.8202961160341332,7.326324452577284,8.938445190517626,2.2958995734377057,4.072209718063166,4.958349088892565
39.07595211941594,25.911859722540758,13.274412450257186,1.2227301350334852,0.3797723856482831,5.010639220181309,8.820512770621761,1.0587233651078753,2.608791887603455,2.63660594358995
29.168650462648564,34.87646948534499,18.38783599753087,2.2996761924553946,0.7264308022419546,3.547538286221418,5.975246840731258,0.7423193212281807,1.9266535205153492,2.3491790910820023
28.91488467135091,22.2332505717535,19.596706940534975,2.6249936685362996,0.7989561198455218,11.80061647132707,6.173215929630689,0.6832839360363574,5.259841373986463,1.9142503169982248
34.331761798327314,20.674348969530882,19.41552018287248,1.541140169350235,1.2743636855879512,7.063706325636677,8.435017081432857,3.5523807417243134,1.8104378548260365,1.9013231907112447
36.23889019953007,32.162742881916486,10.84750385905127,2.8204729953273664,0.6013090812862337,5.934086199994694,3.1555266183107133,2.316984259567907,3.9619000564743323,1.9605838485409417
48.51772851534386,21.74151821545091,0.0,0.07022040490599955,1.6128830038878914,15.145295042403506,3.9206196692614443,2.4973175893441097,2.0701621500869036,4.424255409315365
28.044726078871264,24.603237551682614,14.199667600912882,1.7226192925353416,1.8067914855943759,5.390212405655924,6.343565341119356,7.466105529691647,5.12593327441604,5.297141439520547
37.625219751786545,31.60262294481716,7.570556853605244,1.54381910160833,2.3788562368817097,0.703402460653102,8.93709111908954,1.2279708682821244,4.3081377509607375,4.102322912315491
41.22057285865553,26.923593893676117,13.890809395685086,4.162589783965956,0.5924830985608077,3.5506471901663534,1.2969589612521262,3.346684304421542,3.3699095208979077,1.6457509927185727
32.2865760174734,32.19642081696593,5.213266088859738,2.7858459292590414,1.3947722219768686,9.680097853213136,6.6194631740224175,2.828189974575013,4.022071457349974,2.9732964663044608
35.294801623306256,22.54172630680476,18.656406064468616,2.124963315956513,0.2651220774175786,6.995066049767512,3.9883658876237718,2.7704579311052786,3.6703481825792985,3.692742560970393
34.490451714147106,27.35706922311888,9.345531875634343,0.8555588689593641,0.9619783947452394,6.040404882763348,10.332259510678732,1.9677636703310093,4.284229910293084,4.364751949328884
30.647980802914564,32.94347839648202,9.127474199569246,2.7949430412165563,1.4932035501335121,5.515910542516846,7.216791059377424,5.524070035071942,3.7056430472958932,1.030505325422007
25.901850650665338,30.437942776415948,21.647530701402147,0.5679768620867544,1.7656236795952387,5.306857644595462,3.340427890732535,2.6758066252328336,3.3974691973730224,4.958513971900739
33.44224966672853,24.55422656911019,15.749084512202188,0.8809026726933252,1.0542484283973865,4.761436727236929,10.661147849844866,3.673152782282189,3.8513800609013873,1.372170730603001
24.56026354512239,30.395276230262,15.655255907779782,2.3550821789096843,1.6605206563656012,8.959595393883001,11.138328879315178,1.0471086214758738,2.339307309255536,1.8892612776309652
38.961540538825204,9.722392168815782,22.433034607761307,3.1369677317461875,1.18571384006508,8.788436567589857,6.483798798315847,2.184438404886747,3.2258723347431446,3.877805007250833
33.93887140538547,21.604754769897035,11.01187676717699,3.9650492410478306,0.7361195795308753,8.005070356665394,8.627661016120475,3.2041814966429083,5.819813613817335,3.086601753715672
25.34871426325066,33.33792490403949,16.315887902023952,0.6196851262463525,1.1433234901563185,9.794684818041617,4.9485355137745675,0.0,3.227927239611071,5.263316742855958
41.169347817344374,20.497278401891734,9.136233542271608,2.609328095628109,0.1413855606842871,12.3507715614763,7.077098780170808,1.6597218313658866,3.439572258681128,1.91926215048576
17.474891506362958,42.32790354797346,20.377674457334223,3.5958638511166847,1.5802161175200637,3.841834128744152,2.932296298139456,3.044713156588712,2.3104162603870804,2.5141906758332153
17.824573097366557,38.46453313750091,16.211577746239538,0.7780975810805103,2.011578015147629,11.397550265773777,4.04593027347412,2.4057771858178683,1.9416421034374802,4.918740594161601
32.43239245430994,25.763454875890673,16.331718020019817,0.8990056290165185,1.2103501259986456,9.721260461081656,6.4666307313045595,3.2676313052821087,2.251279693222472,1.6562767038736104
36.79113751156566,23.502756681390125,10.088083973599577,4.952823712991682,1.73480131508261,1.6993446433278745,6.0254533178503,5.143853016804444,4.946945907803924,5.1147999195837945
30.428811869004456,32.89618730121028,11.171166555890839,3.373828375753538,1.196219502683632,6.721782064978088,6.143378874655856,1.9973162865269263,2.0848259541046956,3.986483215191685
42.59657806037128,34.479307295372195,7.2913905935893055,1.9699429236101487,0.8254527649957695,4.743852339732999,0.17863440592966823,1.1700787876463283,2.9218806102314328,3.822882218520871
32.54423110663341,39.644762120282174,5.944747990570359,0.053083929777385574,0.0,0.0,12.469318880715566,1.0783790221018004,3.536000195532748,4.729476754386556
31.95569729852294,27.09938732767863,14.942308055821698,2.3680863283800013,0.3412443159364257,8.354255024745115,3.3924884357276417,2.6305890889137706,5.384705378223808,3.5312387460499592
33.55198278394905,27.291793781612817,13.184229266031172,3.3357955378497817,1.2124713866322052,7.609485332948345,6.686493749975757,0.45729896390911284,3.587400159286136,3.0830490378056226
41.841354443970125,23.643272171644195,15.375546409311527,2.6610871041510062,0.668774190651354,1.984040991849223,7.314395949943271,1.3420587150635201,2.5505967526314333,2.618873270784354
18.18198894921685,26.93435097502993,24.398747993667904,1.7971321589134237,1.0864501209327142,10.266141645279028,5.030224966499104,3.8925008616082923,4.849362432069641,3.56309989678311
36.835374295003184,19.340867571179963,20.268581050743,1.5303762470619975,0.877300979308554,6.780848808388917,9.177553858973408,0.4074955549339152,2.6944330394451357,2.0871685949619203
23.82291525707875,44.088074117630335,5.541145442454284,1.7493841256704623,1.3827807231174845,5.531572959561671,7.450769443829142,4.101893816356538,3.517818278297966,2.813645836003374
44.528055696153984,15.98070169327212,17.139351548122892,3.3450141273703773,0.813272567299587,5.306660473075571,2.5275299592551983,2.856533321067432,3.3074136485324437,4.195466965850386
35.711885146298,27.471383007539973,7.943407432641834,2.539832350910768,1.170778798521489,6.640252173694106,8.101303708168311,3.566049411334365,2.37796675896481,4.477141211926322
33.515949469533325,16.299420834649855,21.52645596065266,2.813297714902143,0.7836054296655619,4.997315636756817,8.90230665316149,3.1925766969938847,4.059384646941152,3.909686956743101
34.267462789305824,25.691275890113662,13.016123029980955,3.1592491939489036,1.4532066021584296,9.936566743713158,4.312767588511395,2.3865994001515127,3.6544182835858203,2.1223304785303263
36.5326545166478,23.625905698375533,20.16804721472906,1.7370633829198179,0.9738138851060795,5.107107137971894,4.96787629630604,3.1351523422737197,2.2967342058962625,1.4556453197737766
29.80127372724775,24.668890759671534,16.787448514375182,1.1810823723028867,1.5297231061258303,7.680348501743205,9.012479473892036,2.0018748002525917,2.257565591979543,5.079313152409439
47.00468836664672,35.06991908209304,0.0,2.1556952552777173,1.5374145321814652,5.495923471519262,3.2410874870358715,2.6136380335833365,1.3304367140221833,1.5511970576404315
6.835774752548862,41.372577006343974,22.28773699641015,4.496261272486724,1.1297221442411802,8.529804027510911,8.043303236735278,1.1884443554593855,2.3203038512584753,3.7960723570050545
44.94196593207131,18.428820573005616,9.683737988369963,1.4350732487210927,1.4045122625567061,4.51285337817256,7.828390145844799,2.5739775549340616,3.198483881692188,5.992185034631689
48.06835739489785,16.89920356497419,6.236303686444857,1.4289270604183129,1.616446294608466,9.301271739537905,8.228393818363383,0.9042359737104773,1.942738676746596,5.374121790297971
37.77281441639436,18.52005124722998,19.11002795195489,1.0385076237875235,1.3897026252214764,7.9716726348608296,7.409909047464715,1.4731611623815422,2.694497147125038,2.6196561435796393
28.10969421775768,37.966298206823836,10.785020124877155,2.49501703783413,1.2422485550002198,6.515407809176356,6.3283086018923695,2.299367140020465,2.170865631460442,2.087772675157342
42.56303878883016,25.182377800193624,8.133419168864188,2.36645442786968,2.6044620571050556,7.192858084274974,7.317630945083874,0.8889886751773537,1.1734928214091809,2.577277231191881
26.965860998638096,27.01825355575012,20.53433905872727,2.546057345438381,0.511620929486361,5.488568524323709,7.785590729029579,4.205187850075376,2.4483644818767,2.496156526654394
42.245157757217186,25.48297627611281,7.875263306407902,2.811474120579923,0.36522078124022295,8.328135611926397,5.169038554579009,1.4652998010471259,2.2325725521852227,4.0248612387042
28.205590601984536,27.230018127887057,7.8045686713247076,5.276347345073325,2.2382765250184145,10.8584945513548,9.413964483939791,3.7998485428059228,4.936162409332185,0.23672874127926916
22.876080616282614,37.152547193777366,17.280464101384393,3.375673125932839,0.9149620573768789,8.402829626365762,3.62842624271007,1.6088974778238607,3.544873196173072,1.2152463621731426
26.85511216587539,24.780654450019316,12.691814655678414,2.5403962270175695,0.4882530685044852,7.0094843838141765,13.083745280595851,3.4280601704041507,5.077915137499363,4.044564460591269
41.14337599707218,31.599118518090886,0.0,3.2290739890663875,1.3072746395825592,4.802835461360545,9.600310845842895,1.4655295868962546,2.5452947650737365,4.307186197014574
36.93374635967239,24.521384410071814,19.81604761181882,2.615726629198043,1.4217464452977258,3.190415609740751,6.477651461910816,0.0,2.501758846262535,2.521522626027101
26.268469200612238,20.413591035859056,27.64440428357516,2.2619180705948145,0.9545799780496543,5.776212687429187,8.932085016986221,2.94655816213743,1.8459725422304618,2.9562090225257727
32.968056704845004,29.52682355164931,11.23670239261534,3.6620813352153108,1.0375642544025998,8.106917819310768,4.052827601269217,4.121198721902224,2.830892030819774,2.456935587970428
41.13699645899018,15.551526768888888,20.170672930282223,1.2824175737564985,0.34878520227715293,4.27996778064763,8.151358338568295,1.5850525399157296,3.5642850825561805,3.928937324117215
40.91394553271887,25.45875667398806,5.170043796652056,4.101588283159283,0.0,8.296004800245251,10.64628795650006,0.7303999867941328,2.4848833600063487,2.1980896099359413
39.17258306761534,24.63625575881166,8.602766953638348,1.7019308720618829,1.026880169749134,6.410238826661331,10.536974795295427,2.9161848327491207,1.1610265518524479,3.835158171565308
35.08153407886039,30.13569704483353,7.76309880133173,0.0,1.546170847808614,8.61202171629436,8.503504768550894,1.6721891819549477,1.988929609345813,4.696853951019715
25.590844834431042,34.53299334234807,14.072655817868176,1.7185317560495628,1.027033296071912,10.208885180964094,7.323207747650391,1.10302479045607,1.9765252790739645,2.446297955086722
